      1	    246	    257
      2	    235	    278
      3	    224	    293
      4	    215	    303
      5	    206	    308
      6	    198	    308
      7	    190	    304
      8	    183	    297
      9	    177	    287
     10	    171	    275
     11	    165	    261
     12	    160	    246
     13	    154	    231
     14	    149	    215
     15	    144	    200
     16	    139	    186
     17	    135	    173
     18	    132	    163
     19	    130	    155
     20	    129	    150
     21	    130	    148
     22	    133	    149
     23	    136	    152
     24	    141	    157
     25	    147	    164
     26	    153	    172
     27	    160	    182
     28	    167	    192
     29	    174	    202
     30	    181	    213
     31	    188	    224
     32	    195	    234
     33	    202	    244
     34	    208	    254
     35	    215	    263
     36	    222	    272
     37	    229	    281
     38	    236	    289
     39	    242	    297
     40	    249	    305
     41	    255	    313
     42	    261	    320
     43	    267	    327
     44	    273	    334
     45	    279	    340
     46	    285	    347
     47	    290	    353
     48	    296	    359
     49	    301	    365
     50	    307	    371
     51	    312	    376
     52	    317	    382
     53	    322	    387
     54	    327	    392
     55	    332	    397
     56	    337	    402
     57	    341	    407
     58	    346	    412
     59	    350	    416
     60	    354	    421
     61	    358	    426
     62	    362	    430
     63	    366	    434
     64	    369	    439
     65	    373	    443
     66	    376	    447
     67	    379	    452
     68	    382	    456
     69	    385	    460
     70	    387	    464
     71	    389	    469
     72	    392	    473
     73	    394	    477
     74	    396	    481
     75	    398	    485
     76	    399	    490
     77	    401	    494
     78	    402	    498
     79	    404	    502
     80	    405	    506
     81	    406	    509
     82	    408	    513
     83	    409	    517
     84	    410	    521
     85	    411	    524
     86	    412	    528
     87	    412	    531
     88	    413	    535
     89	    414	    538
     90	    415	    542
     91	    416	    545
     92	    417	    548
     93	    417	    551
     94	    418	    554
     95	    419	    557
     96	    420	    560
     97	    421	    562
     98	    422	    565
     99	    423	    568
    100	    424	    570
    101	    425	    573
    102	    426	    575
    103	    427	    578
    104	    428	    580
    105	    429	    582
    106	    430	    585
    107	    431	    587
    108	    432	    590
    109	    433	    592
    110	    434	    595
    111	    435	    597
    112	    436	    600
    113	    438	    602
    114	    439	    605
    115	    440	    607
    116	    441	    610
    117	    442	    613
    118	    444	    616
    119	    445	    619
    120	    446	    622
    121	    447	    625
    122	    449	    628
    123	    450	    632
    124	    451	    635
    125	    452	    638
    126	    454	    641
    127	    455	    644
    128	    456	    647
    129	    457	    650
    130	    458	    653
    131	    460	    656
    132	    461	    658
    133	    462	    661
    134	    463	    663
    135	    465	    666
    136	    466	    668
    137	    467	    670
    138	    468	    672
    139	    469	    675
    140	    471	    677
    141	    472	    679
    142	    473	    681
    143	    474	    683
    144	    475	    685
    145	    476	    687
    146	    478	    689
    147	    479	    692
    148	    480	    694
    149	    481	    696
    150	    482	    699
    151	    483	    701
    152	    484	    704
    153	    485	    706
    154	    486	    709
    155	    487	    712
    156	    488	    714
    157	    489	    717
    158	    490	    720
    159	    491	    723
    160	    492	    725
    161	    493	    728
    162	    494	    731
    163	    495	    733
    164	    496	    736
    165	    497	    738
    166	    497	    740
    167	    498	    742
    168	    499	    744
    169	    500	    746
    170	    501	    748
    171	    501	    749
    172	    502	    750
    173	    503	    752
    174	    503	    753
    175	    504	    754
    176	    505	    755
    177	    505	    756
    178	    506	    757
    179	    506	    758
    180	    507	    759
    181	    507	    760
    182	    508	    761
    183	    508	    762
    184	    509	    764
    185	    509	    765
    186	    509	    766
    187	    510	    767
    188	    510	    769
    189	    510	    770
    190	    510	    771
    191	    511	    773
    192	    511	    774
    193	    511	    775
    194	    511	    776
    195	    511	    777
    196	    511	    778
    197	    511	    779
    198	    511	    780
    199	    511	    781
    200	    511	    782
    201	    511	    782
    202	    511	    783
    203	    510	    783
    204	    510	    784
    205	    510	    784
    206	    510	    784
    207	    510	    784
    208	    509	    784
    209	    509	    785
    210	    509	    785
    211	    509	    785
    212	    509	    785
    213	    508	    785
    214	    508	    786
    215	    508	    786
    216	    508	    786
    217	    508	    786
    218	    507	    787
    219	    507	    787
    220	    507	    788
    221	    507	    789
    222	    507	    789
    223	    507	    790
    224	    507	    791
    225	    507	    792
    226	    507	    793
    227	    507	    794
    228	    507	    795
    229	    507	    796
    230	    508	    797
    231	    508	    798
    232	    508	    799
    233	    508	    800
    234	    508	    800
    235	    509	    801
    236	    509	    801
    237	    509	    802
    238	    510	    802
    239	    510	    802
    240	    510	    802
    241	    511	    802
    242	    511	    801
    243	    512	    801
    244	    512	    800
    245	    512	    799
    246	    513	    798
    247	    513	    797
    248	    513	    796
    249	    514	    795
    250	    514	    794
    251	    514	    793
    252	    515	    792
    253	    515	    790
    254	    515	    789
    255	    516	    788
    256	    516	    787
    257	    516	    786
    258	    516	    784
    259	    516	    783
    260	    516	    781
    261	    517	    780
    262	    517	    778
    263	    517	    776
    264	    517	    774
    265	    517	    772
    266	    517	    769
    267	    517	    766
    268	    516	    763
    269	    516	    759
    270	    516	    755
    271	    516	    751
    272	    516	    746
    273	    516	    741
    274	    516	    735
    275	    515	    729
    276	    515	    723
    277	    515	    716
    278	    515	    709
    279	    514	    701
    280	    514	    694
    281	    514	    687
    282	    513	    679
    283	    513	    672
    284	    513	    665
    285	    512	    658
    286	    512	    651
    287	    512	    644
    288	    511	    637
    289	    511	    629
    290	    511	    621
    291	    510	    612
    292	    510	    602
    293	    509	    591
    294	    509	    578
    295	    509	    564
    296	    508	    548
    297	    508	    531
    298	    507	    511
    299	    507	    507
    300	    507	    507
    301	    507	    507
    302	    507	    507
    303	    507	    507
    304	    507	    507
    305	    507	    507
    306	    507	    507
    307	    507	    507
    308	    507	    507
    309	    507	    507
    310	    507	    507
    311	    507	    507
    312	    507	    507
    313	    507	    507
    314	    507	    507
    315	    507	    507
    316	    507	    507
    317	    507	    507
    318	    507	    507
    319	    507	    507
    320	    507	    507
    321	    507	    507
    322	    507	    507
    323	    507	    507
    324	    507	    507
    325	    507	    507
    326	    507	    507
    327	    507	    507
    328	    507	    507
    329	    507	    507
    330	    507	    507
    331	    507	    507
    332	    507	    507
    333	    507	    507
    334	    507	    507
    335	    507	    507
    336	    507	    507
    337	    507	    507
    338	    507	    507
    339	    507	    507
    340	    507	    507
    341	    507	    507
    342	    507	    507
    343	    507	    507
    344	    507	    507
    345	    507	    507
    346	    507	    507
    347	    507	    507
    348	    507	    507
    349	    507	    507
    350	    507	    507
    351	    507	    507
    352	    507	    507
    353	    507	    507
    354	    507	    507
    355	    507	    507
    356	    507	    507
    357	    507	    507
    358	    507	    507
    359	    507	    507
    360	    507	    507
    361	    507	    507
    362	    507	    507
    363	    507	    507
    364	    507	    507
    365	    507	    507
    366	    507	    507
    367	    507	    507
    368	    507	    507
    369	    507	    507
    370	    507	    507
    371	    507	    507
    372	    507	    507
    373	    507	    507
    374	    507	    507
    375	    507	    507
    376	    507	    507
    377	    507	    507
    378	    507	    507
    379	    507	    507
    380	    507	    507
    381	    507	    507
    382	    507	    507
    383	    507	    507
    384	    507	    507
    385	    507	    507
    386	    507	    507
    387	    507	    507
    388	    507	    507
    389	    507	    507
    390	    507	    507
    391	    507	    507
    392	    507	    507
    393	    507	    507
    394	    507	    507
    395	    507	    507
    396	    507	    507
    397	    507	    507
    398	    507	    507
    399	    507	    507
    400	    507	    507
    401	    507	    507
    402	    507	    507
    403	    507	    507
    404	    507	    507
    405	    507	    507
    406	    507	    507
    407	    507	    507
    408	    507	    507
    409	    507	    507
    410	    507	    507
    411	    507	    507
    412	    507	    507
    413	    507	    507
    414	    507	    507
    415	    507	    507
    416	    507	    507
    417	    507	    507
    418	    507	    507
    419	    507	    507
    420	    507	    507
    421	    507	    507
    422	    507	    507
    423	    507	    507
    424	    507	    507
    425	    507	    507
    426	    507	    507
    427	    507	    507
    428	    507	    507
    429	    507	    507
    430	    507	    507
    431	    507	    507
    432	    507	    507
    433	    507	    507
    434	    507	    507
    435	    507	    507
    436	    507	    507
    437	    507	    507
    438	    507	    507
    439	    507	    507
    440	    507	    507
    441	    507	    507
    442	    507	    507
    443	    507	    507
    444	    507	    507
    445	    507	    507
    446	    507	    507
    447	    507	    507
    448	    507	    507
    449	    507	    507
    450	    507	    507
    451	    507	    507
    452	    507	    507
    453	    507	    507
    454	    507	    507
    455	    507	    507
    456	    507	    507
    457	    507	    507
    458	    507	    507
    459	    507	    507
    460	    507	    507
    461	    507	    507
    462	    507	    507
    463	    507	    507
    464	    507	    507
    465	    507	    507
    466	    507	    507
    467	    507	    507
    468	    507	    507
    469	    507	    507
    470	    507	    507
    471	    507	    507
    472	    507	    507
    473	    507	    507
    474	    507	    507
    475	    507	    507
    476	    507	    507
    477	    507	    507
    478	    507	    507
    479	    507	    507
    480	    507	    507
    481	    507	    507
    482	    507	    507
    483	    507	    507
    484	    507	    507
    485	    507	    507
    486	    507	    507
    487	    507	    507
    488	    507	    507
    489	    507	    507
    490	    507	    507
    491	    507	    507
    492	    507	    507
    493	    507	    507
    494	    507	    507
    495	    507	    507
    496	    507	    507
    497	    507	    507
    498	    507	    507
    499	    507	    507
    500	    507	    507
    501	    507	    507
    502	    507	    507
    503	    507	    507
    504	    507	    507
    505	    507	    507
    506	    507	    507
    507	    507	    507
    508	    507	    507
    509	    507	    507
    510	    507	    507
    511	    507	    507
    512	    507	    507
    513	    507	    507
    514	    507	    507
    515	    507	    507
    516	    507	    507
    517	    507	    507
    518	    507	    507
    519	    507	    507
    520	    507	    507
    521	    507	    507
    522	    507	    507
    523	    507	    507
    524	    507	    507
    525	    507	    507
    526	    507	    507
    527	    507	    507
    528	    507	    507
    529	    507	    507
    530	    507	    507
    531	    507	    507
    532	    507	    507
    533	    507	    507
    534	    507	    507
    535	    507	    507
    536	    507	    507
    537	    507	    507
    538	    507	    507
    539	    507	    507
    540	    507	    507
    541	    507	    507
    542	    507	    507
    543	    507	    507
    544	    507	    507
    545	    507	    507
    546	    507	    507
    547	    507	    507
    548	    507	    507
    549	    507	    507
    550	    507	    507
    551	    507	    507
    552	    507	    507
    553	    507	    507
    554	    507	    507
    555	    507	    507
    556	    507	    507
    557	    507	    507
    558	    507	    507
    559	    507	    507
    560	    507	    507
    561	    507	    507
    562	    507	    507
    563	    507	    507
    564	    507	    507
    565	    507	    507
    566	    507	    507
    567	    507	    507
    568	    507	    507
    569	    507	    507
    570	    507	    507
    571	    507	    507
    572	    507	    507
    573	    507	    507
    574	    507	    507
    575	    507	    507
    576	    507	    507
    577	    507	    507
    578	    507	    507
    579	    507	    507
    580	    507	    507
    581	    507	    507
    582	    507	    507
    583	    507	    507
    584	    507	    507
    585	    507	    507
    586	    507	    507
    587	    507	    507
    588	    507	    507
    589	    507	    507
    590	    507	    507
    591	    507	    507
    592	    507	    507
    593	    507	    507
    594	    507	    507
    595	    507	    507
    596	    507	    507
    597	    507	    507
    598	    507	    507
    599	    507	    507
    600	    507	    507
    601	    507	    507
    602	    507	    507
    603	    507	    507
    604	    507	    507
    605	    507	    507
    606	    507	    507
    607	    507	    507
    608	    507	    507
    609	    507	    507
    610	    507	    507
    611	    507	    507
    612	    507	    507
    613	    507	    507
    614	    507	    507
    615	    507	    507
    616	    507	    507
    617	    507	    507
    618	    507	    507
    619	    507	    507
    620	    507	    507
    621	    507	    507
    622	    507	    507
    623	    507	    507
    624	    507	    507
    625	    507	    507
    626	    507	    507
    627	    507	    507
    628	    507	    507
    629	    507	    507
    630	    507	    507
    631	    507	    507
    632	    507	    507
    633	    507	    507
    634	    507	    507
    635	    507	    507
    636	    507	    507
    637	    507	    507
    638	    507	    507
    639	    507	    507
    640	    507	    507
    641	    507	    507
    642	    507	    507
    643	    507	    507
    644	    507	    507
    645	    507	    507
    646	    507	    507
    647	    507	    507
    648	    507	    507
    649	    507	    507
    650	    507	    507
    651	    507	    507
    652	    507	    507
    653	    507	    507
    654	    507	    507
    655	    507	    507
    656	    507	    507
    657	    507	    507
    658	    507	    507
    659	    507	    507
    660	    507	    507
    661	    507	    507
    662	    507	    507
    663	    507	    507
    664	    507	    507
    665	    507	    507
    666	    507	    507
    667	    507	    507
    668	    507	    507
    669	    507	    507
    670	    507	    507
    671	    507	    507
    672	    507	    507
    673	    507	    507
    674	    507	    507
    675	    507	    507
    676	    507	    507
    677	    507	    507
    678	    507	    507
    679	    507	    507
    680	    507	    507
    681	    507	    507
    682	    507	    507
    683	    507	    507
    684	    507	    507
    685	    507	    507
    686	    507	    507
    687	    507	    507
    688	    507	    507
    689	    507	    507
    690	    507	    507
    691	    507	    507
    692	    507	    507
    693	    507	    507
    694	    507	    507
    695	    507	    507
    696	    507	    507
    697	    507	    507
    698	    507	    507
    699	    507	    507
    700	    507	    507
    701	    507	    507
    702	    507	    507
    703	    507	    507
    704	    507	    507
    705	    507	    507
    706	    507	    507
    707	    507	    507
    708	    507	    507
    709	    507	    507
    710	    507	    507
    711	    507	    507
    712	    507	    507
    713	    507	    507
    714	    507	    507
    715	    507	    507
    716	    507	    507
    717	    507	    507
    718	    507	    507
    719	    507	    507
    720	    507	    507
    721	    507	    507
    722	    507	    507
    723	    507	    507
    724	    507	    507
    725	    507	    507
    726	    507	    507
    727	    507	    507
    728	    507	    507
    729	    507	    507
    730	    507	    507
    731	    507	    507
    732	    507	    507
    733	    507	    507
    734	    507	    507
    735	    507	    507
    736	    507	    507
    737	    507	    507
    738	    507	    507
    739	    507	    507
    740	    507	    507
    741	    507	    507
    742	    507	    507
    743	    507	    507
    744	    507	    507
    745	    507	    507
    746	    507	    507
    747	    507	    507
    748	    507	    507
    749	    507	    507
    750	    507	    507
    751	    507	    507
    752	    507	    507
    753	    507	    507
    754	    507	    507
    755	    507	    507
    756	    507	    507
    757	    507	    507
    758	    507	    507
    759	    507	    507
    760	    507	    507
    761	    507	    507
    762	    507	    507
    763	    507	    507
    764	    507	    507
    765	    507	    507
    766	    507	    507
    767	    507	    507
    768	    507	    507
    769	    507	    507
    770	    507	    507
    771	    507	    507
    772	    507	    507
    773	    507	    507
    774	    507	    507
    775	    507	    507
    776	    507	    507
    777	    507	    507
    778	    507	    507
    779	    507	    507
    780	    507	    507
    781	    507	    507
    782	    507	    507
    783	    507	    507
    784	    507	    507
    785	    507	    507
    786	    507	    507
    787	    507	    507
    788	    507	    507
    789	    507	    507
    790	    507	    507
    791	    507	    507
    792	    507	    507
    793	    507	    507
    794	    507	    507
    795	    507	    507
    796	    507	    507
    797	    507	    507
    798	    507	    507
    799	    507	    507
    800	    507	    507
    801	    507	    507
    802	    507	    507
    803	    507	    507
    804	    507	    507
    805	    507	    507
    806	    507	    507
    807	    507	    507
    808	    507	    507
    809	    507	    507
    810	    507	    507
    811	    507	    507
    812	    507	    507
    813	    507	    507
    814	    507	    507
    815	    507	    507
    816	    507	    507
    817	    507	    507
    818	    507	    507
    819	    507	    507
    820	    507	    507
    821	    507	    507
    822	    507	    507
    823	    507	    507
    824	    507	    507
    825	    507	    507
    826	    507	    507
    827	    507	    507
    828	    507	    507
    829	    507	    507
    830	    507	    507
    831	    507	    507
    832	    507	    507
    833	    507	    507
    834	    507	    507
    835	    507	    507
    836	    507	    507
    837	    507	    507
    838	    507	    507
    839	    507	    507
    840	    507	    507
    841	    507	    507
    842	    507	    507
    843	    507	    507
    844	    507	    507
    845	    507	    507
    846	    507	    507
    847	    507	    507
    848	    507	    507
    849	    507	    507
    850	    507	    507
    851	    507	    507
    852	    507	    507
    853	    507	    507
    854	    507	    507
    855	    507	    507
    856	    507	    507
    857	    507	    507
    858	    507	    507
    859	    507	    507
    860	    507	    507
    861	    507	    507
    862	    507	    507
    863	    507	    507
    864	    507	    507
    865	    507	    507
    866	    507	    507
    867	    507	    507
    868	    507	    507
    869	    507	    507
    870	    507	    507
    871	    507	    507
    872	    507	    507
    873	    507	    507
    874	    507	    507
    875	    507	    507
    876	    507	    507
    877	    507	    507
    878	    507	    507
    879	    507	    507
    880	    507	    507
    881	    507	    507
    882	    507	    507
    883	    507	    507
    884	    507	    507
    885	    507	    507
    886	    507	    507
    887	    507	    507
    888	    507	    507
    889	    507	    507
    890	    507	    507
    891	    507	    507
    892	    507	    507
    893	    507	    507
    894	    507	    507
    895	    507	    507
    896	    507	    507
    897	    507	    507
    898	    507	    507
    899	    507	    507
    900	    507	    507
    901	    507	    507
    902	    507	    507
    903	    507	    507
    904	    507	    507
    905	    507	    507
    906	    507	    507
    907	    507	    507
    908	    507	    507
    909	    507	    507
    910	    507	    507
    911	    507	    507
    912	    507	    507
    913	    507	    507
    914	    507	    507
    915	    507	    507
    916	    507	    507
    917	    507	    507
    918	    507	    507
    919	    507	    507
    920	    507	    507
    921	    507	    507
    922	    507	    507
    923	    507	    507
    924	    507	    507
    925	    507	    507
    926	    507	    507
    927	    507	    507
    928	    507	    507
    929	    507	    507
    930	    507	    507
    931	    507	    507
    932	    507	    507
    933	    507	    507
    934	    507	    507
    935	    507	    507
    936	    507	    507
    937	    507	    507
    938	    507	    507
    939	    507	    507
    940	    507	    507
    941	    507	    507
    942	    507	    507
    943	    507	    507
    944	    507	    507
    945	    507	    507
    946	    507	    507
    947	    507	    507
    948	    507	    507
    949	    507	    507
    950	    507	    507
    951	    507	    507
    952	    507	    507
    953	    507	    507
    954	    507	    507
    955	    507	    507
    956	    507	    507
    957	    507	    507
    958	    507	    507
    959	    507	    507
    960	    507	    507
    961	    507	    507
    962	    507	    507
    963	    507	    507
    964	    507	    507
    965	    507	    507
    966	    507	    507
    967	    507	    507
    968	    507	    507
    969	    507	    507
    970	    507	    507
    971	    507	    507
    972	    507	    507
    973	    507	    507
    974	    507	    507
    975	    507	    507
    976	    507	    507
    977	    507	    507
    978	    507	    507
    979	    507	    507
    980	    507	    507
    981	    507	    507
    982	    507	    507
    983	    507	    507
    984	    507	    507
    985	    507	    507
    986	    507	    507
    987	    507	    507
    988	    507	    507
    989	    507	    507
    990	    507	    507
    991	    507	    507
    992	    507	    507
    993	    507	    507
    994	    507	    507
    995	    507	    507
    996	    507	    507
    997	    507	    507
    998	    507	    507
    999	    507	    507
   1000	    507	    507
   1001	    507	    507
   1002	    507	    507
   1003	    507	    507
   1004	    507	    507
   1005	    507	    507
   1006	    507	    507
   1007	    507	    507
   1008	    507	    507
   1009	    507	    507
   1010	    507	    507
   1011	    507	    507
   1012	    507	    507
   1013	    507	    507
   1014	    507	    507
   1015	    507	    507
   1016	    507	    507
   1017	    507	    507
   1018	    507	    507
   1019	    507	    507
   1020	    507	    507
   1021	    507	    507
   1022	    507	    507
   1023	    507	    507
   1024	    507	    507
   1025	    507	    507
   1026	    507	    507
   1027	    507	    507
   1028	    507	    507
   1029	    507	    507
   1030	    507	    507
   1031	    507	    507
   1032	    507	    507
   1033	    507	    507
   1034	    507	    507
   1035	    507	    507
   1036	    507	    507
   1037	    507	    507
   1038	    507	    507
   1039	    507	    507
   1040	    507	    507
   1041	    507	    507
   1042	    507	    507
   1043	    507	    507
   1044	    507	    507
   1045	    507	    507
   1046	    507	    507
   1047	    507	    507
   1048	    507	    507
   1049	    507	    507
   1050	    507	    507
   1051	    507	    507
   1052	    507	    507
   1053	    507	    507
   1054	    507	    507
   1055	    507	    507
   1056	    507	    507
   1057	    507	    507
   1058	    507	    507
   1059	    507	    507
   1060	    507	    507
   1061	    507	    507
   1062	    507	    507
   1063	    507	    507
   1064	    507	    507
   1065	    507	    507
   1066	    507	    507
   1067	    507	    507
   1068	    507	    507
   1069	    507	    507
   1070	    507	    507
   1071	    507	    507
   1072	    507	    507
   1073	    507	    507
   1074	    507	    507
   1075	    507	    507
   1076	    507	    507
   1077	    507	    507
   1078	    507	    507
   1079	    507	    507
   1080	    507	    507
   1081	    507	    507
   1082	    507	    507
   1083	    507	    507
   1084	    507	    507
   1085	    507	    507
   1086	    507	    507
   1087	    507	    507
   1088	    507	    507
   1089	    507	    507
   1090	    507	    507
   1091	    507	    507
   1092	    507	    507
   1093	    507	    507
   1094	    507	    507
   1095	    507	    507
   1096	    507	    507
   1097	    507	    507
   1098	    507	    507
   1099	    507	    507
   1100	    507	    507
   1101	    507	    507
   1102	    507	    507
   1103	    507	    507
   1104	    507	    507
   1105	    507	    507
   1106	    507	    507
   1107	    507	    507
   1108	    507	    507
   1109	    507	    507
   1110	    507	    507
   1111	    507	    507
   1112	    507	    507
   1113	    507	    507
   1114	    507	    507
   1115	    507	    507
   1116	    507	    507
   1117	    507	    507
   1118	    507	    507
   1119	    507	    507
   1120	    507	    507
   1121	    507	    507
   1122	    507	    507
   1123	    507	    507
   1124	    507	    507
   1125	    507	    507
   1126	    507	    507
   1127	    507	    507
   1128	    507	    507
   1129	    507	    507
   1130	    507	    507
   1131	    507	    507
   1132	    507	    507
   1133	    507	    507
   1134	    507	    507
   1135	    507	    507
   1136	    507	    507
   1137	    507	    507
   1138	    507	    507
   1139	    507	    507
   1140	    507	    507
   1141	    507	    507
   1142	    507	    507
   1143	    507	    507
   1144	    507	    507
   1145	    507	    507
   1146	    507	    507
   1147	    507	    507
   1148	    507	    507
   1149	    507	    507
   1150	    507	    507
   1151	    507	    507
   1152	    507	    507
   1153	    507	    507
   1154	    507	    507
   1155	    507	    507
   1156	    507	    507
   1157	    507	    507
   1158	    507	    507
   1159	    507	    507
   1160	    507	    507
   1161	    507	    507
   1162	    507	    507
   1163	    507	    507
   1164	    507	    507
   1165	    507	    507
   1166	    507	    507
   1167	    507	    507
   1168	    507	    507
   1169	    507	    507
   1170	    507	    507
   1171	    507	    507
   1172	    507	    507
   1173	    507	    507
   1174	    507	    507
   1175	    507	    507
   1176	    507	    507
   1177	    507	    507
   1178	    507	    507
   1179	    507	    507
   1180	    507	    507
   1181	    507	    507
   1182	    507	    507
   1183	    507	    507
   1184	    507	    507
   1185	    507	    507
   1186	    507	    507
   1187	    507	    507
   1188	    507	    507
   1189	    507	    507
   1190	    507	    507
   1191	    507	    507
   1192	    507	    507
   1193	    507	    507
   1194	    507	    507
   1195	    507	    507
   1196	    507	    507
   1197	    507	    507
   1198	    507	    507
   1199	    507	    507
   1200	    507	    507
   1201	    507	    507
   1202	    507	    507
   1203	    507	    507
   1204	    507	    507
   1205	    507	    507
   1206	    507	    507
   1207	    507	    507
   1208	    507	    507
   1209	    507	    507
   1210	    507	    507
   1211	    507	    507
   1212	    507	    507
   1213	    507	    507
   1214	    507	    507
   1215	    507	    507
   1216	    507	    507
   1217	    507	    507
   1218	    507	    507
   1219	    507	    507
   1220	    507	    507
   1221	    507	    507
   1222	    507	    507
   1223	    507	    507
   1224	    507	    507
   1225	    507	    507
   1226	    507	    507
   1227	    507	    507
   1228	    507	    507
   1229	    507	    507
   1230	    507	    507
   1231	    507	    507
   1232	    507	    507
   1233	    507	    507
   1234	    507	    507
   1235	    507	    507
   1236	    507	    507
   1237	    507	    507
   1238	    507	    507
   1239	    507	    507
   1240	    507	    507
   1241	    507	    507
   1242	    507	    507
   1243	    507	    507
